0 290.99301545433866 794.0018312710164 628.7062892741252 850.0494347752532 806.3010169484456 881.9759098638978 972.873183452112 991.2811948915838 437.07375847296123 1237.9197337359349 1186.9678817276742 903.3931728506114 507.7926916725464 903.1807647058093 1178.8418412907574 1197.2193112261596 1201.2191072966534 1205.3779366004712 901.7446864102617 760.410092131903 1032.2892417783694 943.2215951621602 1105.6400293858078 998.6000054737141 1011.2552138704898 1527.0919609740627 1338.9847283010597 1058.8192781887758 1205.6363263392866 1793.625572849654 1337.936789400792 1714.40563803204 1740.6001775427158 1498.45358451041 1852.3537304910717 1624.7519408767353 
290.99301545433866 0 512.5409796925513 341.88801268259067 564.4124767084799 515.311506988317 591.0256944238062 682.8768039571414 701.258258572444 457.1591933470562 946.943476952674 896.4363964995716 622.3517788385158 483.5144322280772 624.6199589538123 891.1774809552447 909.7854729088903 914.280176659268 918.5921241696027 660.6734089193326 811.1249979785335 779.0349148659847 717.716993646619 847.6701843695707 774.5111184235717 792.0314758756632 1253.1373597771085 1082.8933889137445 966.3203521926514 1045.9776376348116 1533.6684373676678 1192.8709686024595 1472.3686583776635 1496.3307422978671 1308.4432335370493 1598.9455109791097 1412.8875236834144 
794.0018312710164 512.5409796925513 0 174.78753642319424 68.96557112066861 167.35278721577936 182.23963378875635 299.6398931310044 312.28208445508204 882.9616951166189 492.02291842260115 463.56856845616534 370.9827727773074 866.290718744418 391.35765239282057 503.10067193233965 521.8084374450942 530.9394282836606 536.247941047591 591.7465894898323 1200.509453179288 621.8888849433229 678.5295230301026 651.945979451871 721.3681312291859 748.3253598271941 923.1680427931743 851.3585627044166 1154.169962837921 1095.088056474044 1245.5752121652474 1251.3462505992854 1252.080901016927 1266.8508797627137 1251.6603042645434 1331.294804353554 1288.370083738694 
628.7062892741252 341.88801268259067 174.78753642319424 0 222.53897723520097 199.75853493099984 266.30429262708105 376.01162075719003 393.2809007111861 713.5791793296975 620.5599377543508 577.9947770439853 375.4315194414697 702.7022486334963 388.5829110171599 592.4453826574238 611.688237585128 618.5273406085212 623.450324716324 535.3459605770639 1040.0276458071712 603.9439707987818 617.4212696948571 652.5069005547831 668.0773253325242 693.0604398135636 992.8525158897713 875.3309143749582 1040.0662299543046 1021.0230252267626 1301.1275207429017 1177.7314990174036 1279.4676062891192 1298.178490381385 1216.9450072305892 1379.1705205406597 1279.000996577766 
850.0494347752532 564.4124767084799 68.96557112066861 222.53897723520097 0 139.40600915631273 127.00405357097814 238.63041624143344 249.69694185474222 912.4667991457077 423.32646356339825 394.71241703359004 329.112458283698 889.6389814878394 350.9951817139654 436.37856626875174 454.91148467464603 464.3006978308135 469.63347173916435 564.020277270993 1219.611744028743 580.0915451168456 650.9097933841973 603.9265730396861 690.1774335292973 717.486840060847 857.6564794453429 795.1534639867513 1144.5265111028614 1068.2484050688297 1181.6213990362992 1223.4968405716827 1193.5284038058583 1207.4148949534958 1209.9741878534471 1268.5126410874932 1238.9095060466882 
806.3010169484456 515.311506988317 167.35278721577936 199.75853493099984 139.40600915631273 0 77.17623802732474 176.353912315236 193.82167093351939 808.4719549446988 431.65321801587913 383.2058275060136 205.56479701449342 776.9648629343353 225.01060911888138 392.72327693545486 411.96092809607694 418.76901045479804 423.6949148725896 426.93144677678487 1099.8835184062552 455.2750559677303 513.8835833299689 488.7689461453642 555.1727986363152 582.2820539125776 796.3212896241382 697.3001770143192 1005.7528588108406 931.1605286309389 1109.606894043405 1086.9251354164187 1100.868779909872 1117.490356085659 1084.606177312392 1190.806186342722 1124.959329045357 
881.9759098638978 591.0256944238062 182.23963378875635 266.30429262708105 127.00405357097814 77.17623802732474 0 119.25859124784168 133.88372790884807 881.5723323999549 356.7844894953424 311.72375807063213 206.55257134298637 847.2697508016344 229.2960503178372 331.8258702585601 351.00438568714503 358.96739119073175 364.1204826210686 451.1676149615897 1166.1273380163664 455.5864334996052 537.2208577484682 477.12681752339176 572.8061865839869 600.260132210195 746.0027848059814 669.7901634554886 1047.940743480132 953.1287023518498 1065.5742124887408 1107.1026405514767 1069.901915906547 1084.611247958245 1084.6448502068552 1150.1578844732783 1111.9054536284323 
972.873183452112 682.8768039571414 299.6398931310044 376.01162075719003 238.63041624143344 176.353912315236 119.25859124784168 0 18.419453115936257 926.3645130826059 273.08541387560916 215.21236973375673 154.47088115065145 882.0452232534342 176.44484867362817 216.45359126808486 235.70223682530187 242.76779441717656 247.7678102130715 403.76503204062647 1185.5882214025207 374.6685431612448 484.6229597186031 381.6453295750122 510.73874604933576 537.8887828674062 626.8383935756493 558.0309563241543 1016.0362838859883 890.4102902629659 946.5372236391878 1040.5660569559677 954.9775616457806 968.785342638462 994.0332953350055 1031.685106533582 1008.8260130554177 
991.2811948915838 701.258258572444 312.28208445508204 393.2809007111861 249.69694185474222 193.82167093351939 133.88372790884807 18.419453115936257 0 943.1662130201299 255.22880357208905 196.85271291056003 165.20401444544245 898.16124139445 186.38375316655433 199.47013717210805 218.72186416588318 226.0913238407191 231.15331863516255 411.6589011938173 1200.2148299701407 376.3089431948187 491.24477360962544 379.4987662677847 515.580728336602 542.5745379697548 612.341352157216 549.773975173234 1024.7426583607255 894.2747965547807 933.3204761779782 1043.5500589926032 944.9291191589817 958.2456873028806 991.890589272034 1019.2125140833951 1003.2583303146207 
437.07375847296123 457.1591933470562 882.9616951166189 713.5791793296975 912.4667991457077 808.4719549446988 881.5723323999549 926.3645130826059 943.1662130201299 0 1195.7725623479646 1130.986271188687 800.6757875748842 88.05955416790452 789.1934355505348 1087.3778318153588 1102.3558047077395 1102.0262979822473 1104.6716444544677 678.097682636909 354.8187826809731 819.277372045442 681.0885744549635 897.0323596465715 726.4522349222049 728.679780561238 1340.3151747528852 1106.6497362130938 635.244936662671 826.0220491706339 1551.0675087173925 940.1750163837056 1431.7729164881187 1461.8219286494034 1140.6667326476831 1591.0193234387693 1292.1870859558705 
1237.9197337359349 946.943476952674 492.02291842260115 620.5599377543508 423.32646356339825 431.65321801587913 356.7844894953424 273.08541387560916 255.22880357208905 1195.7725623479646 0 69.96477879341072 399.7068814522086 1147.4909007116623 415.3536434157917 158.80142137934564 159.69202342534444 169.97934202734984 172.78137259569013 610.8408599000742 1439.3845692037048 525.5817439329136 675.7106059138437 490.66642736634446 682.8153983894781 706.8199696964813 503.3641259099513 559.8794191333883 1214.2459126328934 1036.7537793814574 832.2042511077011 1172.6993967438834 899.8992361459427 904.4618677512339 1060.3009539428442 929.1760077524162 1024.8291374000848 
1186.9678817276742 896.4363964995716 463.56856845616534 577.9947770439853 394.71241703359004 383.2058275060136 311.72375807063213 215.21236973375673 196.85271291056003 1130.986271188687 69.96477879341072 0 332.40537704940243 1081.1419803974761 347.21923726717307 97.94482807014157 104.62299360145383 116.24155559402936 120.3453898751415 540.9073937193361 1370.594405234636 457.6931414748176 606.2912289862653 426.03731449918536 614.422634850023 638.7327863206939 488.5530079280657 513.4326017533443 1145.197336345507 971.8302011865426 818.8773670831317 1109.8054578323931 870.8237292966819 877.7798537774383 1006.7673820509526 913.1032058552911 980.4965053985497 
903.3931728506114 622.3517788385158 370.9827727773074 375.4315194414697 329.112458283698 205.56479701449342 206.55257134298637 154.47088115065145 165.20401444544245 800.6757875748842 399.7068814522086 332.40537704940243 0 748.9352631784059 23.348192887675538 289.1144856430563 305.4597916095145 306.8755657659923 310.2569771402378 252.16255281704824 1041.1412545885325 251.393909305318 335.7859075786257 283.72532620194465 367.7296222249857 395.1913991198213 633.2983208353206 500.08400933132174 862.3031400210344 748.6885513604996 929.9244743194348 901.7524814335776 904.3769679511402 922.7998258888542 881.5445086415386 1005.3036898045104 919.493694494992 
507.7926916725464 483.5144322280772 866.290718744418 702.7022486334963 889.6389814878394 776.9648629343353 847.2697508016344 882.0452232534342 898.16124139445 88.05955416790452 1147.4909007116623 1081.1419803974761 748.9352631784059 0 735.6352723796917 1031.9121989070084 1046.0880100328911 1045.0169041370111 1047.3662468718494 607.3080203337792 338.8917258715504 747.5355003296454 603.866099498442 824.8548300297838 647.0734666296048 647.8412035129767 1267.380598430394 1029.0894358906503 554.1650269371486 738.1316072513505 1470.341381438047 853.6979019152914 1347.436953883691 1377.7579703504562 1052.6233120367465 1508.281778402738 1204.7363834307205 
903.1807647058093 624.6199589538123 391.35765239282057 388.5829110171599 350.9951817139654 225.01060911888138 229.2960503178372 176.44484867362817 186.38375316655433 789.1934355505348 415.3536434157917 347.21923726717307 23.348192887675538 735.6352723796917 0 298.4814404450145 314.0586238818635 314.64372699655013 317.72258160886173 229.01374996460245 1024.2977523318582 230.53498333921027 312.46052661313854 266.46669339968145 344.48478715358283 371.9494642263655 628.9563540667978 486.9991046649369 839.7818718623611 725.4153354211644 921.1929808342438 878.5791581958061 890.9448970747062 909.9622015009751 860.5170348526576 995.0348002723753 901.040825571011 
1178.8418412907574 891.1774809552447 503.10067193233965 592.4453826574238 436.37856626875174 392.72327693545486 331.8258702585601 216.45359126808486 199.47013717210805 1087.3778318153588 158.80142137934564 97.94482807014157 289.1144856430563 1031.9121989070084 298.4814404450145 0 19.2530109878937 27.978486995724783 33.337990045141275 466.0127924911931 1308.76834418264 369.90539399443844 524.6806292144308 331.9640721115019 527.8241186673071 551.0789685183166 422.62462103934377 418.4788423048403 1060.5199003726539 878.0095320603826 750.14571953935 1014.0953388350249 786.6361720745174 795.6229229623855 908.9586122197215 840.8794614554081 885.673422408339 
1197.2193112261596 909.7854729088903 521.8084374450942 611.688237585128 454.91148467464603 411.96092809607694 351.00438568714503 235.70223682530187 218.72186416588318 1102.3558047077395 159.69202342534444 104.62299360145383 305.4597916095145 1046.0880100328911 314.0586238818635 19.2530109878937 0 11.827619382191655 16.666699999999764 475.5779310546048 1320.5530248888929 375.16256591536387 531.9846114048878 333.61858127449926 533.179193727079 555.9196279450567 404.9011012687537 408.9400086326833 1066.1093343045827 879.0551902714699 733.0222948414121 1013.5197668411712 772.5264189936872 780.9827337328849 903.1070344225324 824.2977876522525 876.0963658450589 
1201.2191072966534 914.280176659268 530.9394282836606 618.5273406085212 464.3006978308135 418.76901045479804 358.96739119073175 242.76779441717656 226.0913238407191 1102.0262979822473 169.97934202734984 116.24155559402936 306.8755657659923 1045.0169041370111 314.64372699655013 27.978486995724783 11.827619382191655 0 5.36476386805619 471.1799971715355 1317.4972703839405 368.33016209462073 526.1640713107265 325.1099905236374 526.2891883300357 548.7551646147489 394.6785713607464 397.23607309962324 1059.2138579573486 870.0881595463301 722.3872248949039 1003.9188045441184 760.8789353621115 769.4323767766083 891.9731571419238 813.3760406137179 864.3691820564229 
1205.3779366004712 918.5921241696027 536.247941047591 623.450324716324 469.63347173916435 423.6949148725896 364.1204826210686 247.7678102130715 231.15331863516255 1104.6716444544677 172.78137259569013 120.3453898751415 310.2569771402378 1047.3662468718494 317.72258160886173 33.337990045141275 16.666699999999764 5.36476386805619 0 472.0996331075131 1318.984986621188 368.01103955529624 526.3591073252173 323.80185278067785 525.9052502267382 548.212875973121 389.3138135010363 393.08897241536715 1058.788707240614 868.415452817003 717.039547990709 1001.8039523224553 755.8603015320359 764.3374629558468 888.5748281467642 808.0636039704599 860.161681650752 
901.7446864102617 660.6734089193326 591.7465894898323 535.3459605770639 564.020277270993 426.93144677678487 451.1676149615897 403.76503204062647 411.6589011938173 678.097682636909 610.8408599000742 540.9073937193361 252.16255281704824 607.3080203337792 229.01374996460245 466.0127924911931 475.5779310546048 471.1799971715355 472.0996331075131 0 850.9311316485309 141.40052757164565 86.95554778235896 219.2904781109511 132.86519056622782 158.55360705026644 662.5240022393209 441.62059586409714 613.5556610125134 504.3110539680161 896.1539830345274 660.0002183688442 814.3914066897609 839.7238138919788 682.6699915374046 951.0765450916417 760.3670252492669 
760.410092131903 811.1249979785335 1200.509453179288 1040.0276458071712 1219.611744028743 1099.8835184062552 1166.1273380163664 1185.5882214025207 1200.2148299701407 354.8187826809731 1439.3845692037048 1370.594405234636 1041.1412545885325 338.8917258715504 1024.2977523318582 1308.76834418264 1320.5530248888929 1317.4972703839405 1318.984986621188 850.9311316485309 0 978.969135908649 817.6479541765742 1050.6308802187077 844.300524742375 834.8046802237374 1475.3059578262175 1217.4823660395618 496.49430870881935 774.2081807152504 1623.2311841273422 835.4191101248076 1467.2196390359659 1500.0052355546493 1094.389009106489 1641.9051981155164 1273.0370918146118 
1032.2892417783694 779.0349148659847 621.8888849433229 603.9439707987818 580.0915451168456 455.2750559677303 455.5864334996052 374.6685431612448 376.3089431948187 819.277372045442 525.5817439329136 457.6931414748176 251.393909305318 747.5355003296454 230.53498333921027 369.90539399443844 375.16256591536387 368.33016209462073 368.01103955529624 141.40052757164565 978.969135908649 0 163.62644159453566 77.89328205236947 158.01941107908078 181.28922790483233 521.1548194593323 306.69553790223375 690.94777439274 521.7288055879706 761.523903862728 668.2250332683005 694.7049591395535 717.7972027600352 630.1507136940655 821.3524881950475 675.443439124846 
943.2215951621602 717.716993646619 678.5295230301026 617.4212696948571 650.9097933841973 513.8835833299689 537.2208577484682 484.6229597186031 491.24477360962544 681.0885744549635 675.7106059138437 606.2912289862653 335.7859075786257 603.866099498442 312.46052661313854 524.6806292144308 531.9846114048878 526.1640713107265 526.3591073252173 86.95554778235896 817.6479541765742 163.62644159453566 0 232.983368505136 56.79521008755992 77.14868969075276 667.0738676775452 425.5814323507678 539.6913079211956 417.37052992146016 872.9336150710428 573.0588296292545 772.8774140576876 800.2016156554183 605.4253864682664 919.8482484714774 695.4523102331673 
1105.6400293858078 847.6701843695707 651.945979451871 652.5069005547831 603.9265730396861 488.7689461453642 477.12681752339176 381.6453295750122 379.4987662677847 897.0323596465715 490.66642736634446 426.03731449918536 283.72532620194465 824.8548300297838 266.46669339968145 331.9640721115019 333.61858127449926 325.1099905236374 323.80185278067785 219.2904781109511 1050.6308802187077 77.89328205236947 232.983368505136 0 214.14231340136712 232.22610602815598 443.31845544515676 235.22320476885437 741.0310957346467 546.0961977957003 688.1970214415345 684.4268899714942 632.0501480582844 653.4553092580556 612.4577177897678 751.2780485386529 636.48589207354 
998.6000054737141 774.5111184235717 721.3681312291859 668.0773253325242 690.1774335292973 555.1727986363152 572.8061865839869 510.73874604933576 515.580728336602 726.4522349222049 682.8153983894781 614.422634850023 367.7296222249857 647.0734666296048 344.48478715358283 527.8241186673071 533.179193727079 526.2891883300357 525.9052502267382 132.86519056622782 844.300524742375 158.01941107908078 56.79521008755992 214.14231340136712 0 27.46762887127465 632.6913759907648 383.1966429561198 532.9385092677225 381.01263902759325 824.9235926046772 534.2980903444086 719.1818756427937 746.9925202246741 551.2958934844696 868.9295587597494 638.6918471559339 
1011.2552138704898 792.0314758756632 748.3253598271941 693.0604398135636 717.486840060847 582.2820539125776 600.260132210195 537.8887828674062 542.5745379697548 728.679780561238 706.8199696964813 638.7327863206939 395.1913991198213 647.8412035129767 371.9494642263655 551.0789685183166 555.9196279450567 548.7551646147489 548.212875973121 158.55360705026644 834.8046802237374 181.28922790483233 77.14868969075276 232.22610602815598 27.46762887127465 0 640.610498482065 386.69737307834333 510.7937617504838 353.5754554424838 822.5721852822402 506.8425300906094 710.505857774655 738.9771248735796 528.2847612267926 863.5975715996688 620.9112030856662 
1527.0919609740627 1253.1373597771085 923.1680427931743 992.8525158897713 857.6564794453429 796.3212896241382 746.0027848059814 626.8383935756493 612.341352157216 1340.3151747528852 503.3641259099513 488.5530079280657 633.2983208353206 1267.380598430394 628.9563540667978 422.62462103934377 404.9011012687537 394.6785713607464 389.3138135010363 662.5240022393209 1475.3059578262175 521.1548194593323 667.0738676775452 443.31845544515676 632.6913759907648 640.610498482065 0 264.63350804508644 1099.137316315523 834.146386107858 330.3467190172174 921.0654701532635 415.06026671578775 412.9188130377448 709.4408696725415 425.907328651163 605.2678258781067 
1338.9847283010597 1082.8933889137445 851.3585627044166 875.3309143749582 795.1534639867513 697.3001770143192 669.7901634554886 558.0309563241543 549.773975173234 1106.6497362130938 559.8794191333883 513.4326017533443 500.08400933132174 1029.0894358906503 486.9991046649369 418.4788423048403 408.9400086326833 397.23607309962324 393.08897241536715 441.62059586409714 1217.4823660395618 306.69553790223375 425.5814323507678 235.22320476885437 383.1966429561198 386.69737307834333 264.63350804508644 0 834.9219871925422 576.270030288451 455.038303163249 676.9624515910792 404.340293305193 422.9702256762884 508.75131483435257 516.0571219219988 467.22227860351506 
1058.8192781887758 966.3203521926514 1154.169962837921 1040.0662299543046 1144.5265111028614 1005.7528588108406 1047.940743480132 1016.0362838859883 1024.7426583607255 635.244936662671 1214.2459126328934 1145.197336345507 862.3031400210344 554.1650269371486 839.7818718623611 1060.5199003726539 1066.1093343045827 1059.2138579573486 1058.788707240614 613.5556610125134 496.49430870881935 690.94777439274 539.6913079211956 741.0310957346467 532.9385092677225 510.7937617504838 1099.137316315523 834.9219871925422 0 296.30031595421934 1182.3125792459496 339.0295392826107 1005.8364083631527 1039.369048049447 604.1186447786048 1185.5392714335162 788.6768410163694 
1205.6363263392866 1045.9776376348116 1095.088056474044 1021.0230252267626 1068.2484050688297 931.1605286309389 953.1287023518498 890.4102902629659 894.2747965547807 826.0220491706339 1036.7537793814574 971.8302011865426 748.6885513604996 738.1316072513505 725.4153354211644 878.0095320603826 879.0551902714699 870.0881595463301 868.415452817003 504.3110539680161 774.2081807152504 521.7288055879706 417.37052992146016 546.0961977957003 381.01263902759325 353.5754554424838 834.146386107858 576.270030288451 296.30031595421934 0 888.7563708302515 156.90024244802825 709.5678379030559 743.1136880936202 323.3911333026447 889.4404532008446 498.87419787823205 
1793.625572849654 1533.6684373676678 1245.5752121652474 1301.1275207429017 1181.6213990362992 1109.606894043405 1065.5742124887408 946.5372236391878 933.3204761779782 1551.0675087173925 832.2042511077011 818.8773670831317 929.9244743194348 1470.341381438047 921.1929808342438 750.14571953935 733.0222948414121 722.3872248949039 717.039547990709 896.1539830345274 1623.2311841273422 761.523903862728 872.9336150710428 688.1970214415345 824.9235926046772 822.5721852822402 330.3467190172174 455.038303163249 1182.3125792459496 888.7563708302515 0 922.3147073036688 210.74405076324365 183.08612750948487 649.8600695107001 101.87525544925039 479.3225407982498 
1337.936789400792 1192.8709686024595 1251.3462505992854 1177.7314990174036 1223.4968405716827 1086.9251354164187 1107.1026405514767 1040.5660569559677 1043.5500589926032 940.1750163837056 1172.6993967438834 1109.8054578323931 901.7524814335776 853.6979019152914 878.5791581958061 1014.0953388350249 1013.5197668411712 1003.9188045441184 1001.8039523224553 660.0002183688442 835.4191101248076 668.2250332683005 573.0588296292545 684.4268899714942 534.2980903444086 506.8425300906094 921.0654701532635 676.9624515910792 339.0295392826107 156.90024244802825 922.3147073036688 0 725.2080791609051 758.4821919099056 287.42220663024597 905.545728239108 477.96677761763016 
1714.40563803204 1472.3686583776635 1252.080901016927 1279.4676062891192 1193.5284038058583 1100.868779909872 1069.901915906547 954.9775616457806 944.9291191589817 1431.7729164881187 899.8992361459427 870.8237292966819 904.3769679511402 1347.436953883691 890.9448970747062 786.6361720745174 772.5264189936872 760.8789353621115 755.8603015320359 814.3914066897609 1467.2196390359659 694.7049591395535 772.8774140576876 632.0501480582844 719.1818756427937 710.505857774655 415.06026671578775 404.340293305193 1005.8364083631527 709.5678379030559 210.74405076324365 725.2080791609051 0 33.624904056966884 445.3224854869221 180.97918235103563 269.013098090872 
1740.6001775427158 1496.3307422978671 1266.8508797627137 1298.178490381385 1207.4148949534958 1117.490356085659 1084.611247958245 968.785342638462 958.2456873028806 1461.8219286494034 904.4618677512339 877.7798537774383 922.7998258888542 1377.7579703504562 909.9622015009751 795.6229229623855 780.9827337328849 769.4323767766083 764.3374629558468 839.7238138919788 1500.0052355546493 717.7972027600352 800.2016156554183 653.4553092580556 746.9925202246741 738.9771248735796 412.9188130377448 422.9702256762884 1039.369048049447 743.1136880936202 183.08612750948487 758.4821919099056 33.624904056966884 0 477.87113822985094 147.41387701233728 299.34973458944484 
1498.45358451041 1308.4432335370493 1251.6603042645434 1216.9450072305892 1209.9741878534471 1084.606177312392 1084.6448502068552 994.0332953350055 991.890589272034 1140.6667326476831 1060.3009539428442 1006.7673820509526 881.5445086415386 1052.6233120367465 860.5170348526576 908.9586122197215 903.1070344225324 891.9731571419238 888.5748281467642 682.6699915374046 1094.389009106489 630.1507136940655 605.4253864682664 612.4577177897678 551.2958934844696 528.2847612267926 709.4408696725415 508.75131483435257 604.1186447786048 323.3911333026447 649.8600695107001 287.42220663024597 445.3224854869221 477.87113822985094 0 623.4880146659581 190.54526478530127 
1852.3537304910717 1598.9455109791097 1331.294804353554 1379.1705205406597 1268.5126410874932 1190.806186342722 1150.1578844732783 1031.685106533582 1019.2125140833951 1591.0193234387693 929.1760077524162 913.1032058552911 1005.3036898045104 1508.281778402738 995.0348002723753 840.8794614554081 824.2977876522525 813.3760406137179 808.0636039704599 951.0765450916417 1641.9051981155164 821.3524881950475 919.8482484714774 751.2780485386529 868.9295587597494 863.5975715996688 425.907328651163 516.0571219219988 1185.5392714335162 889.4404532008446 101.87525544925039 905.545728239108 180.97918235103563 147.41387701233728 623.4880146659581 0 440.5590795291333 
1624.7519408767353 1412.8875236834144 1288.370083738694 1279.000996577766 1238.9095060466882 1124.959329045357 1111.9054536284323 1008.8260130554177 1003.2583303146207 1292.1870859558705 1024.8291374000848 980.4965053985497 919.493694494992 1204.7363834307205 901.040825571011 885.673422408339 876.0963658450589 864.3691820564229 860.161681650752 760.3670252492669 1273.0370918146118 675.443439124846 695.4523102331673 636.48589207354 638.6918471559339 620.9112030856662 605.2678258781067 467.22227860351506 788.6768410163694 498.87419787823205 479.3225407982498 477.96677761763016 269.013098090872 299.34973458944484 190.54526478530127 440.5590795291333 0 
